Longitud	Latitud
-100.211085	17.400026
-98.87775	16.858359
-101.044419	17.316692
-100.127751	17.441692
-100.169418	17.483359
-95.252748	16.316691
-95.252748	16.191691
-95.169414	16.191691
-95.794415	16.608358
-95.169414	16.233358
-95.752748	16.608358
-94.919414	16.525025
-100.627752	17.233359
-101.544419	17.650026
-102.29442	18.025026
-102.41942	18.10836
-102.461087	18.275026
-102.502753	18.191693
-97.086082	16.150025
-97.87775	16.066691
-98.419417	16.650025
-100.711085	17.275026
-102.79442	18.10836
-100.586085	17.400026
-103.961088	18.941694
-103.586088	18.941694
-94.794414	16.358358
-94.71108	16.358358
-94.752747	16.358358
-94.794414	16.275025
-102.377753	27.025033
-102.877754	29.316702
-102.54442	28.983368
-102.79442	25.983366
-103.669421	28.608368
-103.419421	28.608368
-103.002754	27.025033
-101.836086	28.775035
-102.002753	29.025035
-102.252753	28.400034
-101.711086	28.691701
-101.752753	28.691701
-101.794419	28.691701
-101.836086	28.691701
-101.877753	28.775035
-102.54442	28.650035
-102.54442	29.066702
-102.086086	26.983367
-102.377753	27.3167
-102.04442	26.775033
-102.04442	26.8167
-102.086086	26.858367
-102.54442	26.400033
-101.377752	26.066699
-102.91942	28.233368
-102.41942	27.3167
-103.04442	28.316701
-108.586092	33.400038
-108.627758	33.400038
-109.169425	33.858372
-110.961093	33.983372
-111.336094	34.233372
-111.419427	34.358373
-111.461094	34.108372
-111.586094	31.775037
-111.794427	34.233372
-112.044428	34.066706
-105.377756	23.775031
-106.33609	25.066698
-108.336091	29.983369
-107.544424	25.441699
-108.627758	26.400033
-108.752758	26.066699
-108.919425	26.108366
-109.252759	26.775033
-109.252759	26.8167
-107.502757	25.525032
-107.586091	25.691699
-110.961093	34.233372
-111.211094	34.400039
-111.37776	34.441706
-112.127761	36.066707
-104.627755	21.691696
-104.711088	21.858363
-105.294422	22.816697
-106.752757	24.816698
-104.794422	22.108363
-105.086089	22.066696
-107.002757	24.900032
-105.252756	22.65003
-108.794425	31.566704
-109.211092	31.900037
-109.211092	31.941704
-109.252759	31.858371
-109.294425	31.775037
-109.294425	31.900037
-109.294425	31.941704
-109.294425	31.983371
-109.336092	31.941704
-109.377759	31.941704
-109.794426	32.691705
-110.086093	31.73337
-110.127759	32.233371
-110.294426	31.441704
-110.336093	31.48337
-110.37776	31.441704
-110.37776	31.525037
-110.37776	31.566704
-110.419426	31.48337
-110.419426	31.525037
-110.711093	32.233371
-110.75276	31.775037
-110.794427	31.691704
-110.87776	31.73337
-110.919427	32.233371
-108.794425	31.60837
-109.002759	31.35837
-103.586088	25.650032
-103.086087	21.941696
-103.586088	22.77503
-103.877754	23.066697
-104.002755	23.733364
-104.086088	22.27503
-104.086088	23.358364
-104.127755	23.441697
-104.211088	23.316697
-104.211088	23.441697
-104.252755	23.358364
-104.252755	23.40003
-104.252755	23.441697
-104.419422	24.316698
-104.461088	22.65003
-104.586088	23.191697
-104.752755	23.733364
-104.836089	24.816698
-104.877755	24.816698
-105.127755	23.816697
-105.211089	23.858364
-105.294422	23.733364
-105.461089	25.525032
-105.502756	26.4417
-105.627756	26.483366
-105.669423	26.483366
-105.794423	25.941699
-105.919423	25.900032
-105.961089	25.900032
-105.961089	25.941699
-106.294423	28.775035
-106.377756	27.650034
-106.544423	26.8167
-106.83609	27.650034
-106.877757	27.733367
-106.919424	29.483369
-107.08609	26.8167
-107.544424	27.608367
-107.627757	27.733367
-107.627757	28.691701
-107.752758	27.816701
-107.919424	27.858367
-107.919424	28.691701
-107.919424	30.358369
-107.961091	30.358369
-107.961091	30.400036
-108.336091	26.6917
-108.377758	27.275034
-108.669425	26.900033
-108.794425	31.191703
-108.836092	27.691701
-108.877758	27.775034
-108.919425	27.025033
-108.961092	29.483369
-108.961092	29.775036
-109.002759	31.275037
-109.169425	29.400035
-109.169425	31.275037
-109.294425	31.066703
-109.586092	27.0667
-109.669426	27.025033
-110.294426	31.23337
-110.586093	28.691701
-110.836093	30.775036
-110.919427	29.483369
-110.961093	29.066702
-111.169427	29.025035
-112.044428	28.941702
-112.669428	29.900036
-102.877754	22.608363
-103.669421	22.858363
-104.169421	23.650031
-104.294421	22.983363
-104.377755	23.40003
-104.544422	23.066697
-104.919422	26.233366
-105.336089	23.816697
-105.627756	26.525033
-106.044423	25.941699
-106.21109	26.316699
-106.377756	26.483366
-106.544423	26.5667
-106.71109	29.525035
-106.752757	29.483369
-106.83609	27.025033
-106.83609	27.691701
-106.83609	29.441702
-106.919424	29.400035
-107.127757	27.233367
-107.502757	27.483367
-108.044424	28.775035
-108.169425	26.8167
-108.252758	26.8167
-108.336091	30.566703
-108.377758	26.900033
-108.419425	29.900036
-108.419425	29.983369
-108.419425	30.025036
-108.586092	30.775036
-109.002759	28.358368
-109.919426	28.608368
-110.002759	29.275035
-110.002759	31.275037
-110.086093	27.5667
-110.086093	29.150035
-110.25276	29.816702
-110.836093	30.900036
-110.919427	30.775036
-111.086094	29.858369
-112.461095	29.983369
-108.711092	26.900033
-108.711092	26.983367
-103.627754	25.733366
-107.544424	25.358365
-107.752758	25.525032
-108.461091	25.358365
-108.836092	26.775033
-108.919425	26.8167
-109.044425	26.900033
-108.544425	26.4417
-102.54442	22.27503
-102.586087	21.025029
-102.586087	22.191696
-102.66942	22.066696
-102.961087	21.400029
-103.627754	21.483362
-103.669421	20.900028
-103.794421	21.816696
-103.836088	20.858362
-103.961088	21.858363
-104.586088	22.566696
-105.336089	28.066701
-105.586089	28.566701
-106.377756	29.816702
-112.752762	30.73337
-113.377762	31.858371
-102.66942	21.775029
-103.086087	21.691696
-104.627755	26.8167
-112.836095	31.858371
-103.711088	20.858362
-103.877754	20.775028
-104.752755	22.483363
-99.127751	23.02503
-99.169417	23.066697
-100.419418	25.233365
-100.419418	25.316699
-100.586085	25.441699
-100.627752	25.441699
-99.752751	24.025031
-100.252752	24.858365
-103.669421	24.650031
-103.627754	24.650031
-103.711088	24.650031
-103.711088	24.733365
-103.127754	25.358365
-103.294421	25.483365
-103.336087	25.358365
-103.627754	25.441699
-101.086086	21.816696
-101.127752	21.858363
-101.294419	25.525032
-100.086085	24.816698
-100.294418	22.858363
-100.461085	22.52503
-100.461085	25.358365
-100.502752	22.608363
-100.627752	23.858364
-100.711085	23.816697
-100.877752	25.316699
-100.961085	25.025032
-101.044419	24.150031
-99.752751	23.566697
-99.752751	23.983364
-99.794418	22.52503
-101.252752	22.858363
-99.419418	23.941698
-99.502751	22.483363
-99.586084	24.441698
-101.419419	25.316699
-101.461086	25.358365
-102.086086	21.775029
-102.377753	22.233363
-101.669419	21.941696
-102.04442	25.358365
-99.419418	22.108363
-101.419419	25.566699
-99.502751	17.566692
-99.669418	17.566692
-99.461084	17.358359
-100.044418	21.483362
-100.086085	21.483362
-100.127751	21.483362
-99.836085	21.400029
-100.461085	18.066693
-98.12775	20.108361
-97.836083	20.400028
-97.919416	17.066692
-99.711084	17.525026
-100.461085	17.941693
-100.586085	20.900028
-98.25275	19.858361
-98.544417	20.150028
-98.87775	18.900027
-98.919417	18.525027
-98.961084	19.10836
-99.086084	19.566694
-99.127751	19.150027
-99.169417	19.10836
-99.294417	19.275027
-99.294417	19.316694
-99.294417	19.358361
-99.336084	19.23336
-99.377751	19.275027
-98.87775	18.566693
-98.961084	18.48336
-98.961084	18.85836
-99.086084	19.025027
-99.127751	19.10836
-99.169417	19.025027
-99.252751	19.025027
-99.294417	19.10836
-99.336084	19.066694
-99.544418	18.900027
-100.252752	19.483361
-99.961085	19.23336
-100.002751	17.983359
-98.586084	18.275026
-98.586084	18.35836
-98.794417	18.48336
-98.836084	18.316693
-98.919417	18.23336
-98.961084	18.275026
-98.961084	18.316693
-99.502751	18.35836
-99.836085	18.316693
-97.836083	18.150026
-97.836083	18.316693
-97.794416	18.275026
-98.044416	18.191693
-97.419416	17.066692
-97.461083	17.483359
-97.461083	17.525026
-97.502749	17.483359
-97.502749	17.525026
-97.919416	17.191692
-95.044414	29.566702
-97.044416	36.733374
-106.83609	30.483369
-92.711079	15.650024
-92.752746	15.816691
-91.336078	16.650025
-92.627745	16.733358
-92.836079	15.650024
-91.127744	16.775025
-91.169411	16.775025
-91.169411	16.816692
-91.044411	16.691692
-91.086078	16.733358
-93.294413	16.900025
-93.336079	16.858359
-92.711079	15.858358
-91.752745	16.900025
-88.586076	14.608357
-93.336079	16.483358
-89.086076	15.275024
-90.877744	16.150025
-90.877744	16.275025
-90.919411	16.108358
-90.961077	16.066691
-91.211078	16.733358
-91.252744	16.775025
-91.252744	16.816692
-91.419411	16.816692
-91.461078	16.816692
-91.711078	16.108358
-92.086078	15.566691
-92.461079	16.525025
-92.919412	16.733358
-92.919412	16.775025
-93.086079	16.816692
-93.252746	16.733358
-90.836077	16.275025
-91.586078	16.150025
-91.836078	16.816692
-92.044412	16.191691
-92.544412	16.316691
-96.627749	17.191692
-97.127749	17.358359
-96.752749	17.108359
-105.377756	23.483364
-103.627754	19.525027
-103.627754	19.566694
-104.169421	19.566694
-105.169422	21.483362
-105.336089	22.816697
-105.336089	22.983363
-105.461089	23.066697
-103.919421	19.150027
-104.044421	19.10836
-104.502755	19.150027
-105.044422	19.525027
-104.961089	19.358361
-102.211086	20.608362
-102.29442	20.650028
-102.961087	20.775028
-103.502754	20.650028
-101.252752	18.60836
-101.211086	18.60836
-104.961089	19.400027
-104.961089	19.441694
-104.961089	19.483361
-105.002755	19.441694
-105.002755	19.483361
-105.044422	19.483361
-101.627753	19.525027
-101.794419	18.73336
-101.836086	18.85836
-101.91942	19.650027
-102.461087	18.775027
-103.127754	19.733361
-103.919421	19.316694
-101.669419	19.483361
-102.04442	19.400027
-102.04442	19.441694
-102.086086	19.441694
-102.127753	19.441694
-102.66942	19.10836
-103.586088	19.191694
-103.877754	19.358361
-103.961088	19.441694
-104.211088	19.566694
-104.252755	19.566694
-104.294421	19.608361
-104.377755	20.733362
-105.044422	21.441696
-105.336089	20.191695
-105.336089	22.65003
-105.419422	20.858362
-105.711089	23.02503
-105.752756	22.816697
-105.794423	22.816697
-105.919423	23.40003
-106.377756	23.941698
-102.502753	18.85836
-104.169421	20.775028
-104.044421	19.816694
-104.377755	20.941695
-106.419423	23.233364
-106.83609	24.108364
-104.169421	19.358361
-107.669424	25.066698
-101.836086	18.941694
-92.377745	15.025024
-93.58608	16.191691
-93.919413	16.358358
-93.002746	15.358357
-92.169412	15.108357
-92.252745	15.233357
-92.752746	17.358359
-92.752746	17.400026
-92.877746	17.441692
-90.711077	19.150027
-90.961077	18.60836
-90.711077	19.275027
-95.252748	17.025025
-91.544411	17.816693
-91.544411	17.983359
-91.961078	17.483359
-92.002745	17.525026
-93.419413	16.150025
-93.419413	18.275026
-93.461079	15.983358
-93.752746	16.066691
-93.752746	16.775025
-93.752746	16.816692
-93.877746	16.316691
-93.919413	16.150025
-93.919413	16.316691
-93.919413	16.566692
-94.044413	16.400025
-94.044413	18.066693
-94.21108	16.358358
-94.21108	16.441692
-94.46108	17.441692
-94.58608	18.150026
-94.669414	18.191693
-94.919414	18.275026
-94.961081	18.275026
-95.086081	18.400026
-95.127747	18.400026
-94.502747	16.358358
-93.627746	16.983359
-94.669414	16.400025
-91.377744	17.525026
-91.961078	17.525026
-93.752746	16.108358
-95.002747	18.48336
-91.211078	17.358359
-92.502745	15.358357
-93.544413	16.858359
-93.461079	17.066692
-90.127743	18.441693
-90.16941	18.650027
-90.127743	18.60836
-90.252744	18.650027
-90.29441	18.60836
-90.377744	18.650027
-95.002747	17.066692
-95.044414	16.858359
-95.044414	16.900025
-95.044414	17.066692
-90.586077	18.816693
-90.752744	18.60836
-90.752744	18.816693
-90.41941	17.608359
-90.877744	17.608359
-96.377748	17.191692
-96.461082	17.108359
-96.877749	19.23336
-97.294416	20.025028
-96.794415	17.941693
-96.336082	17.400026
-96.836082	18.941694
-97.252749	18.691693
-96.711082	18.650027
-96.961082	19.150027
-96.919416	19.358361
-96.919416	17.608359
-96.461082	17.191692
-96.711082	17.400026
-97.044416	17.900026
-97.169416	18.10836
-97.086082	18.10836
-94.961081	18.23336
-95.002747	18.191693
-95.211081	17.983359
-95.002747	17.400026
-95.044414	17.441692
-95.252748	17.316692
-96.377748	17.650026
-97.086082	18.316693
-96.461082	17.316692
-96.586082	17.608359
-96.752749	17.525026
-96.752749	17.566692
-96.752749	17.608359
-96.919416	17.650026
-96.919416	17.733359
-97.002749	17.941693
-96.586082	17.441692
-96.836082	17.650026
-96.044415	17.525026
-95.044414	17.650026
-95.127747	17.733359
-94.669414	17.566692
-94.836081	17.441692
-94.836081	17.483359
-95.211081	17.816693
-96.044415	18.150026
-85.50274	11.441688
-85.711073	11.525021
-85.836073	11.733354
-86.169407	12.816689
-86.37774	12.025021
-86.37774	12.191688
-87.544408	12.983355
-87.544408	13.025022
-88.044408	13.275022
-88.086075	13.316689
-88.377742	17.525026
-90.04441	13.775023
-90.336077	13.858356
-89.169409	13.775023
-90.794411	14.31669
-91.002744	14.775024
-91.669411	14.525023
-84.961073	12.066688
-87.711075	18.73336
-88.252742	19.025027
-89.294409	18.441693
-89.294409	18.60836
-89.461076	18.35836
-89.461076	18.400026
-89.54441	18.60836
-89.66941	18.275026
-87.669408	18.816693
-88.252742	18.900027
-88.711076	18.441693
-88.752742	18.441693
-85.127739	11.691688
-85.75274	11.275021
-87.919408	15.441691
-88.544409	13.275022
-90.961077	16.900025
-86.294407	14.81669
-88.169409	19.150027
-88.211075	19.275027
-88.377742	18.691693
-88.919409	18.441693
-89.002743	18.191693
-89.002743	18.441693
-89.836077	18.23336
-88.044408	19.23336
-88.044408	19.400027
-88.086075	19.150027
-88.086075	19.400027
-88.127742	19.23336
-88.127742	19.275027
-88.169409	19.191694
-88.169409	19.358361
-88.336075	18.85836
-88.586076	18.816693
-88.836076	18.275026
-89.086076	18.441693
-89.79441	18.10836
-89.961077	18.025026
-89.961077	18.066693
-101.669419	28.275034
-100.127751	25.358365
-106.627757	34.316706
-106.877757	34.358373
-94.127747	31.816704
-96.586082	29.566702
-96.711082	29.525035
-96.836082	33.900039
-97.044416	28.275034
-97.211082	35.02504
-97.252749	28.441701
-97.294416	28.316701
-100.586085	25.858366
-106.419423	36.483374
-103.294421	29.275035
-103.294421	36.941708
-103.919421	30.60837
-104.836089	36.941708
-104.919422	36.900041
-105.086089	35.358373
-105.461089	35.77504
-105.544422	33.525039
-105.877756	32.858371
-98.086083	30.358369
-101.586086	27.900034
-99.377751	24.941698
-99.836085	25.150032
-99.419418	24.733365
-99.586084	24.858365
-99.961085	25.150032
-98.961084	24.900032
-97.377749	28.108368
-97.461083	35.191707
-97.502749	28.025034
-97.586083	35.108373
-97.711083	34.483373
-98.169417	33.358372
-98.294417	32.775038
-101.336086	26.400033
-99.002751	24.650031
-99.336084	24.900032
-101.669419	26.483366
-99.044417	24.900032
-99.252751	24.650031
-99.294417	24.816698
-99.252751	25.691699
-99.169417	25.025032
-99.169417	25.150032
-99.377751	25.400032
-99.086084	25.483365
-99.169417	25.441699
-99.294417	25.525032
-99.377751	25.525032
-99.627751	25.691699
-100.127751	28.400034
-100.294418	30.566703
-100.752752	31.275037
-101.836086	30.483369
-102.127753	30.316703
-103.252754	34.941706
-103.502754	31.400037
-103.627754	35.108373
-103.836088	33.108372
-103.877754	33.275038
-103.919421	33.275038
-103.961088	32.941705
-103.961088	33.525039
-98.25275	26.150033
-98.50275	37.650042
-98.62775	34.691706
-98.669417	29.233368
-98.669417	29.566702
-98.669417	34.90004
-98.711084	30.98337
-98.711084	34.77504
-99.211084	30.358369
-99.252751	36.400041
-99.336084	28.025034
-99.377751	30.025036
-99.377751	30.066702
-99.377751	30.650036
-99.419418	28.358368
-99.461084	29.733369
-99.502751	33.733372
-99.544418	29.816702
-99.544418	30.400036
-99.711084	35.733374
-99.752751	30.483369
-99.794418	30.900036
-99.794418	33.983372
-99.877751	36.608374
-99.961085	29.191702
-102.086086	27.1917
-102.127753	27.608367
-100.002751	27.775034
-100.086085	27.733367
-100.086085	27.816701
-100.294418	28.066701
-100.627752	27.358367
-100.836085	27.816701
-101.169419	27.608367
-101.252752	29.233368
-104.836089	29.275035
-97.169416	25.816699
-98.669417	26.233366
-98.836084	26.275033
-100.086085	27.650034
-100.086085	27.775034
-100.127751	26.191699
-100.127751	27.233367
-100.169418	26.483366
-100.294418	27.400034
-100.336085	27.0667
-100.377752	26.316699
-100.502752	26.608366
-100.502752	26.8167
-101.044419	28.066701
-101.086086	27.483367
-101.086086	27.5667
-104.419422	29.566702
-97.336083	25.441699
-98.294417	25.358365
-98.461083	25.400032
-98.586084	25.566699
-98.669417	25.816699
-99.377751	26.233366
-99.461084	26.5667
-99.544418	26.483366
-99.586084	27.4417
-99.627751	26.025033
-99.627751	26.775033
-99.669418	27.025033
-99.752751	27.4417
-99.752751	27.483367
-99.961085	26.650033
-99.044417	23.233364
-98.419417	23.191697
-96.502749	19.525027
-96.627749	19.775028
-96.377748	19.608361
-99.002751	23.233364
-99.044417	23.650031
-98.37775	22.233363
-98.37775	23.608364
-98.50275	22.150029
-98.794417	23.40003
-99.044417	22.40003
-98.461083	21.816696
-98.336083	21.900029
-98.336083	23.650031
-98.461083	21.941696
-98.461083	23.941698
-98.50275	24.316698
-98.62775	22.108363
-98.669417	23.40003
-96.419415	19.608361
-96.419415	19.650027
-96.419415	19.691694
-96.461082	19.566694
-96.461082	19.650027
-96.461082	19.733361
-96.461082	19.775028
-96.461082	19.816694
-96.502749	19.608361
-96.502749	19.691694
-96.502749	19.733361
-96.502749	19.775028
-96.502749	19.816694
-96.544415	19.650027
-96.544415	19.733361
-96.586082	19.733361
-96.627749	19.566694
-96.711082	19.441694
-96.711082	19.483361
-96.752749	19.316694
-97.336083	20.608362
-97.711083	21.316695
-97.794416	22.983363
-98.169417	22.608363
-98.211083	23.775031
-97.711083	21.066695
-97.794416	23.191697
-97.87775	23.775031
-97.961083	22.858363
-98.086083	21.733362
-98.086083	22.90003
-98.211083	23.525031
-96.419415	19.775028
-96.502749	19.900028
-97.794416	23.775031
-90.04441	20.358361
-90.16941	20.275028
-90.252744	20.483361
-90.336077	20.441695
-87.502741	21.108362
-89.91941	21.150029
-90.211077	20.775028
-87.586075	19.775028
-87.461075	20.191695
-89.336076	18.941694
-87.586075	19.816694
-87.836075	19.858361
-88.002742	19.483361
-88.419409	19.358361
-87.044408	21.066695
-87.169408	21.066695
-87.169408	21.108362
-87.169408	21.233362
-87.211074	20.858362
-87.711075	21.025029
-87.836075	21.025029
-88.002742	20.941695
-88.044408	21.150029
-88.127742	20.983362
-88.169409	21.025029
-88.169409	21.441696
-88.252742	21.316695
-88.336075	21.150029
-88.377742	19.691694
-88.419409	21.400029
-88.586076	20.691695
-88.627742	21.275029
-88.752742	19.816694
-88.752742	20.900028
-88.794409	21.191695
-88.836076	20.566695
-88.877742	20.816695
-88.919409	20.108361
-88.919409	20.483361
-88.919409	21.150029
-89.002743	20.941695
-89.169409	21.233362
-89.252743	20.733362
-89.41941	20.316695
-89.627743	21.191695
-89.711076	20.191695
-89.752743	20.358361
-89.91941	20.566695
-88.086075	20.733362
-88.169409	20.983362
-88.169409	21.150029
-87.419408	21.233362
-87.711075	21.483362
-87.752742	20.483361
-88.169409	21.191695
-88.169409	21.566696
-88.211075	21.150029
-88.252742	21.525029
-88.294409	19.650027
-88.336075	21.358362
-88.419409	19.608361
-88.461075	21.483362
-88.502742	21.525029
-88.544409	19.608361
-88.544409	21.483362
-88.794409	19.816694
-89.044409	20.066694
-89.377743	20.275028
-89.502743	20.233361
-89.586076	20.400028
-89.586076	20.441695
-89.627743	20.400028
-89.627743	20.858362
-89.627743	20.983362
-88.169409	21.608362
-88.377742	21.566696
